-2940.0
720.9586120793352
2153.0
814.0
-408.32485563934983
369.68715081808534
-560.9171812281304
1582.0
3835.0
675.0
-433.1059587128814
9170.0
501.31277296972996
690.7262407590191
8006.0
-3924.0
-896.3737229230783
-4424.0
8240.0
-515.0
-222.9892500551477
-451.23880544731685
6169.0
-5269.0
-805.0
-363.0782029907131
7546.0
-9747.0
147.16751372512593
812.3555513342852
61.11958577671894
116.40178652316513
-6975.0
-9979.0
-837.394772068744
1992.0
639.5557472075822
356.0
912.1468066831306
-6442.0
3575.0
-781.9103941514941
-3465.0
33.48530158712237
-848.4676648365688
3971.0
7810.0
4576.0
611.1044369092721
-370.21819892297106
-9036.0
-991.0615620037075
-860.9572880423249
6098.0
117.45981451075505
9325.0
3337.0
-596.7284725471117
-2651.0
347.3557269237191
-591.384048599066
265.38452571920544
-1582.0
361.57515776587803
766.2755590156653
-1741.0
981.8647598218641
-254.8361577001149
657.1169366494786
-7251.0
6098.0
-8753.0
-157.8224973997282
-527.6485861386457
-517.3309249902104
-71.15834361328899
774.0
721.8515256015108
414.75594757627886
-6459.0
-900.6695910315569
-766.8120527522667
-846.4176492942606
-7990.0
-714.5998580140101
540.7185296962734
220.2776972262114
3427.0
4190.0
257.0
-639.4131282409907
5873.0
-639.2501778579469
49.0
3860.0
230.28068294903602
-944.4054643133942
5599.0
826.5336004181542
304.7315586654769
-8594.0
500.1270917838915
970.1215998637796
4791.0
-607.551336053618
-6400.0
-1469.0
-6659.0
7354.0
454.0
-143.2916651656293
-7921.0
7491.0
487.0023358619571
-487.03660430775807
6320.0
-1096.0
8463.0
750.2758752080924
236.08426963912964
-161.45392774346635
232.64471728444457
-5411.0
-4838.0
-9104.0
6632.0
9339.0
-390.5953737538118
1732.0
334.50658054708936
-637.699105016115
2478.0
-1783.0
3133.0
578.2025015776326
476.9546590786948
-9940.0
2.0331538516433767
-2266.0
344.04722029454706
-6658.0
-786.6463421419547
88.02820745100549
-115.83726354655788
201.6650306147011
8424.0
996.174977161508
8850.0
-6273.0
755.4649494463047
-434.44173343332517
6087.0
7576.0
-845.9797615249972
-5426.0
356.6372631149043
8004.0
5999.0
5465.0
-4254.0
-770.4436687367545
-940.0
507.73886070833254
289.5264619958533
-3076.0
-8225.0
-3264.0
-864.4972084445084
4081.0
-219.22567701826
1366.0
4693.0
3461.0
-42.505569367164874
9099.0
9380.0
-5641.0
-331.93662258452497
377.8866880496648
-6873.0
3959.0
7396.0
8032.0
236.22572628981086
-7253.0
170.92310538495005
1988.0
-750.4274805443863
-4258.0
-7402.0
-6158.0
5402.0
-1293.0
-6968.0
808.3562681201174
8.930871468285417
-854.4284914738816
-1286.0
-216.45073406125402
-943.3874731630259
-3280.0
492.39134447003505
-1020.0
-9743.0
706.2689906067865
-915.8340739578385
-82.44628339564386
3122.0
-8019.0
9647.0
-6877.0
-194.92169224066546
6613.0
5881.0
-5144.0
-685.0640287341874
5105.0
-218.6431413949218
-7585.0
-107.35330801097665
-533.8637598250017
3.9762700566383646
649.7416141242553
-6759.0
-184.48280172246479
75.30878592684343
-372.0
-5168.0
738.0253742940669
964.0
381.82692335594515
5644.0
-8068.0
22.325267442360296
299.2424199845748
-8094.0
-7855.0
-914.0
1992.0
-1583.0
-197.6883496294809
-2058.0
-4029.0
912.8283939789706
592.337447505239
-9694.0
3019.0
-455.7035503845304
-595.7764219331095
-5514.0
752.9844379590747
602.2968965754579
-6526.0
-1104.0
107.68256268531162
3410.0
286.65426857858665
-252.7167944453046
75.25486131659575
-303.8808999761904
-189.01366504821803
-488.43541507071177
4866.0
3444.0
-607.740946955181
-647.8944126201541
3653.0
-9728.0
768.8621074177951
-6968.0
-3433.0
-815.1462446810945
-72.6145484746703
5604.0
638.4285377445378
-2489.0
426.46007678357756
7285.0
9250.0
-7868.0
-4848.0
719.3766146997363
-591.0513083997017
-214.75317647318158
-913.2848266572203
-87.7446343236058
-687.7185806466192
-546.6706565204947
550.9644346912725
325.7809307115692
-3119.0
-635.8750007446159
396.58993403255204
-33.14623867272293
-6698.0
777.9546548700248
-4957.0
-7321.0
706.6337410151046
-8433.0
-5081.0
-2945.0
-7152.0
-6574.0
352.14992020680415
321.53851404380987
-719.8072632249227
1875.0
-662.8082518124447
332.5954910173505
-4627.0
7423.0
-1695.0
-934.3297638447351
124.77218682170232
-7411.0
7836.0
-3137.0
-307.1518179447883
656.0
5378.0
-844.6480832930866
592.7205564422078
546.091640861992
-706.8555936861026
-9330.0
-381.36411688874404
614.709163161308
-767.1105850332569
8992.0
-980.6233112144215
4965.0
872.1401936628748
2836.0
-2429.0
7970.0
-2457.0
8980.0
4152.0
8491.0
-54.155015154763284
-774.3035241658574
-7786.0
-60.77373732686131
737.4582881888383
-232.0
817.459724014079
-419.0792258777577
44.93987784040709
-2525.0
314.65419119669826
-9176.0
-766.8600164809762
3987.0
-89.33140139219687
1554.0
2125.0
7319.0
5153.0
-4412.0
-8076.0
3281.0
-149.43033582964426
-288.518811310157
4295.0
334.6850075327842
-4149.0
4444.0
227.89374495722015
-7798.0
6996.0
438.0
-778.0
767.2830479808221
944.5787599458355
750.2395928938479
-2755.0
2847.0
944.0
2301.0
536.7209810576522
9320.0
-2390.0
-9654.0
4348.0
742.0
8310.0
-110.0
742.749715881016
-8453.0
61.586035240257075
938.9527316328546
7132.0
-560.216842296107
-401.26089971264054
519.2414925827259
-3680.0
-564.1641863111117
-136.36273844515267
625.973757433023
-421.56569315466186
6939.0
-452.0
9026.0
-8959.0
8317.0
-222.9187979216548
-878.7543952976987
5795.0
-623.3906480788876
912.2900873062817
-975.2454089154336
605.9233945829658
3144.0
-609.70658320754
-314.2308543144987
-914.9482188533692
9524.0
-669.5927534542996
-18.121244909762968
339.9267708944408
393.890181038422
335.0486490493213
5757.0
304.69319462001175
850.9765293667399
274.3368865955905
-677.4076061146361
-796.8070280591401
-808.7932041237281
-8757.0
-97.52005091812477
2732.0
-716.1658641187207
-3115.0
897.31139265229
440.74299733324585
79.00556776127354
-724.4716739056122
-131.7933290700941
650.0
-5376.0
716.0160006329927
-3819.0
-722.9857677340805
-618.0
149.11199344287917
5615.0
-8093.0
662.7788159394563
-511.0696917237532
-871.2199098601197
-6209.0
6135.0
-845.4734956015155
-7224.0
-2101.0
772.9183243092874
-6804.0
2901.0
116.47365361053419
-4668.0
-5850.0
88.73139719965562
139.10563890175942
-343.12235637318753
-5312.0
8466.0
8656.0
4217.0
-445.03441198449656
-3321.0
586.4007459083787
-20.565541029201828
7971.0
516.0
857.4993328614584
6151.0
-1348.0
554.5350632550625
-236.34108053502533
-3941.0
-199.2813494546971
508.78149889927124
388.4260712737769
-175.01772152452412
988.8446438545749
951.8734844076348
-5610.0
-997.2874696579473
-1975.0
477.0
413.61484551699226
-6812.0
2626.0
-1978.0
926.8472873118778
-7243.0
2330.0
7740.0
16.47485107278723
941.7098503202973
-597.9431797456048
10.0
-926.2081619930207
63.17519125991788
788.06965133664
-651.941000050965
2592.0
187.3040797453839
290.0
1381.0
-467.1935994646411
-6232.0
-9879.0
376.96220876068554
555.01266062963
-175.41664675061108
-67.45686813551399
736.2337493253
-478.7552164671892
-4384.0
379.15407545168256
8540.0
2322.0
3947.0
551.5043570280914
-882.8483756322315
-821.7524619545088
771.2127008319549
585.9765169041085
108.03729527111838
7826.0
79.5091197470108
-3074.0
5183.0
93.90855449732027
-6007.0
-6287.0
-5190.0
681.5240365606786
514.3018640841332
3948.0
3152.0
973.8861981648614
-840.4987088947694
606.2314554097444
5461.0
276.0
170.80770423358038
4290.0
-213.97612093961615
-4681.0
-705.293363683346
741.6890754586349
-8751.0
-6832.0
877.0
-7734.0
-2151.0
-241.00917288583256
-7278.0
447.347557156252
-753.7540712632775
-765.3491089879632
-792.9251454135743
-6672.0
-4633.0
8487.0
-654.1801425206468
308.0
-19.0
-9710.0
-1778.0
33.54861747856474
522.0975385738991
2389.0
7777.0
-920.4672918719824
-34.7182406731672
574.8037888561192
914.867799663994
2401.0
252.5806054234284
-1255.0
-786.8446450834157
-6659.0
1202.0
2575.0
-7420.0
4935.0
-749.2711606623133
887.4267671782944
6618.0
-2186.0
-392.0049424768609
268.0221732819771
-4151.0
816.0000763975089
-310.7895953377607
-5283.0
30.915789807593907
2224.0
-354.0
-1198.0
8679.0
7785.0
-5660.0
-504.1231414259156
-819.1123169799165
8167.0
-3952.0
-152.25256759659766
5158.0
-946.8925977726725
2147.0
-416.12238896499633
-734.4289305676575
3576.0
-6289.0
297.69027848875163
-5138.0
5382.0
-622.3885216746864
-9652.0
113.94160105035411
1089.0
5355.0
-2876.0
5016.0
-6832.0
4597.0
775.3706711201885
-700.2714612755403
2206.0
-887.0
-516.0
-662.0
-167.30733597944413
99.34259651435795
-3981.0
9187.0
1999.0
4416.0
-415.5529916334211
7958.0
153.73140866241252
741.1337915458914
-8043.0
-1695.0
-408.0378660213079
292.7643519778026
-6742.0
-5117.0
-9416.0
-2003.0
-5867.0
-3222.0
457.80050459810997
-2989.0
-948.2199245181913
190.963295094015
341.60485999661915
-807.0587896589259
-8134.0
-5356.0
3934.0
266.73001737290093
965.4966235077832
677.9343895805675
4089.0
497.0
919.3309505596624
-7868.0
679.4099210448068
6804.0
-2658.0
-6959.0
-404.38935583254
2480.0
-6279.0
363.0
431.579112277644
372.2753358128026
9313.0
212.87253384226003
-4433.0
784.72570026652
794.4109206761316
-203.39785142337163
9475.0
-4314.0
-390.26084544644715
712.3709817046827
182.16221618004235
-237.95360141639844
1048.0
-652.3671839833638
-977.6303672896307
-4626.0
8890.0
-4994.0
615.0
7351.0
-39.897962776705434
547.6832677856149
-577.3303905758626
-4365.0
5589.0
-6586.0
-236.53314533331994
-7148.0
646.3803863701447
739.355710923585
-5789.0
8989.0
9000.0
-4297.0
848.4332505081445
-6358.0
-6447.0
-384.5208761702413
808.5576711434567
-9904.0
606.8332960125198
581.3257702039689
-943.0154686436498
473.96916159825076
6021.0
1700.0
842.7939324672267
9447.0
6428.0
1908.0
-9738.0
8061.0
-496.16550671128533
3551.0
-68.19509814867342
149.63014046535994
2086.0
3255.0
922.6957151646872
-877.0
8301.0
-986.5365789709355
-2802.0
5066.0
-497.394415289968
-7711.0
-551.5558160190999
39.09709747039536
-802.4449899616898
-577.1382123815403
-2216.0
-8169.0
-341.5293243051434
-877.1259633891912
579.3665992493411
189.12798516889762
-4425.0
-7702.0
9239.0
255.20450685445894
-878.8258306596301
9225.0
5649.0
-9358.0
503.80331192849945
-6597.0
4889.0
188.35662559154343
2186.0
-947.8192101799825
-357.6718927890382
-909.1032971170648
496.22940642746585
-48.40887078818168
2871.0
-377.3297385533975
-463.1450903026034
-843.5550216060574
-902.4727688993789
-7815.0
-790.3253001210596
480.10485622087083
-4258.0
-933.3135840732425
-4368.0
-7950.0
366.5432291839738
929.7290142632946
-7322.0
7144.0
-431.64443880784
893.0
768.6616572413806
8415.0
-338.40989794638256
24.209634436476946
385.8371069929425
-478.05209998074247
7837.0
943.0285697728958
-3855.0
107.0
-473.33460848577835
4727.0
3150.0
8553.0
8014.0
187.05178360006735
838.5826025434884
-9712.0
994.6364447402809
-796.581306951054
-610.4989517110453
-441.5407096769779
5260.0
8589.0
-2042.0
-8002.0
369.0351694307253
797.0124893621294
-396.09053265451854
-107.56717605424315
9516.0
-7415.0
-8377.0
-818.2649268328939
-7796.0
-617.0188917501406
8116.0
239.439091682788
820.8564793174717
6778.0
1450.0
78.34399187742657
-312.15391722600117
-6151.0
878.8761357840442
3001.0
516.0
962.8205693318629
621.9466486007825
3110.0
-4552.0
3795.0
-710.2618066647174
-3601.0
-2327.0
-903.4384959959395
397.1689290941193
50.41968344021497
497.7482482601846
5362.0
361.40531720592503
-152.15923366314098
-671.0793422207634
194.64598532174392
-7492.0
-8205.0
-40.57193682571825
-3309.0
-148.42046344748294
7929.0
-689.8290134514416
-10.630219288246256
4455.0
10.668265443597669
7357.0
-475.827620155047
625.654284622894
-188.9569779645506
-297.9816450229582
-1718.0
-715.1690465062048
-302.0017956820147
-61.835935117564574
-455.7828708273388
5131.0
58.947302639981935
-9164.0
-1239.0
-666.7595257819338
-8619.0
7122.0
-5788.0
-5524.0
-9943.0
7401.0
8853.0
739.4879808085027
427.8598035873066
-8762.0
-1689.0
684.0
642.5464295938102
-176.0375064350782
4769.0
3168.0
-340.2362187939223
4231.0
800.733246344908
-9852.0
974.4329058520157
-773.796802561393
-2770.0
-23.342672416395537
-9630.0
-190.58164127699217
906.4775938231518
2102.0
446.46196603534196
429.6078385560911
2948.0
84.15323439000788
-7.994563358876161
851.0022983478673
559.1779085156329
-723.559785346553
-286.7293873551748
-599.230808045192
5077.0
-381.98952008477926
-2346.0
-2142.0
-2965.0
5314.0
345.0
-946.0982501844904
122.56487650456106
5814.0
-477.0622106338312
-8452.0
-657.1793453784433
-7238.0
-3615.0
83.0
-953.9803500570622
-201.97373493201243
637.4675238135762
-666.7503761006514
-271.65522946204777
-2293.0
-8781.0
944.2031842616439
487.201183509504
-128.13794018860446
8133.0
-2492.0
9558.0
8570.0
2191.0
-510.84095320144604
7730.0
-7174.0
-3594.0
-3019.0
2792.0
393.1975170868264
-1954.0
-9007.0
-498.5350000740155
-727.7436475113467
-8807.0
-4405.0
-9431.0
2282.0
4388.0
850.990353367225
951.0
-9233.0
3401.0
785.3701329840948
-272.4524094401226
794.467015840641
4158.0
4607.0
303.7193697746634
534.0
9691.0
-7700.0
5049.0
3205.0
-82.52578078736784
929.7352586993891
-2162.0
-5376.0
-102.4482094621515
342.4371574395021
7395.0
326.59654123592253
622.6360144053289
-6341.0
1103.0
563.3319247292305
342.54456762503946
686.0
5460.0
